训练完成时间：2026-04-23 15:15:50
最佳验证精度：98.82%
类别映射：{'240716': 0, '240722': 1, '240728': 2, '240803': 3, '240809': 4, '240814': 5, '240821': 6, '240827': 7, '240902': 8, '240907': 9, '240913': 10, '240918': 11, '240924': 12, '241001': 13, '241008': 14}
融合方法：完整版CSoP相似度调制融合
================================================================================
              precision    recall  f1-score   support

      240716      1.000     1.000     1.000        68
      240722      0.971     0.985     0.978        68
      240728      1.000     1.000     1.000        68
      240803      0.929     0.956     0.942        68
      240809      0.984     0.926     0.955        68
      240814      0.930     0.971     0.950        68
      240821      0.986     1.000     0.993        68
      240827      0.969     0.926     0.947        68
      240902      1.000     0.971     0.985        68
      240907      0.985     0.985     0.985        68
      240913      0.985     0.985     0.985        68
      240918      0.971     1.000     0.986        68
      240924      1.000     0.985     0.993        68
      241001      0.986     1.000     0.993        68
      241008      1.000     1.000     1.000        68

    accuracy                          0.979      1020
   macro avg      0.980     0.979     0.979      1020
weighted avg      0.980     0.979     0.979      1020
